\e[49m                                                      \e[m
\e[49m                      \e[38;2;92;68;108;49m▄\e[38;2;42;31;54;49m▄▄▄▄▄▄▄▄\e[38;2;93;69;110;49m▄\e[49m                      \e[m
\e[49m                  \e[38;2;91;68;107;49m▄\e[38;2;42;31;54;49m▄\e[48;2;42;31;54m  \e[38;2;93;69;109;48;2;42;31;54m▄▄▄\e[38;2;93;69;109;48;2;54;39;67m▄\e[38;2;93;69;109;48;2;89;66;105m▄▄\e[38;2;93;69;109;48;2;51;37;64m▄\e[38;2;93;69;109;48;2;42;31;54m▄▄▄\e[48;2;42;31;54m \e[38;2;42;31;54;48;2;44;32;56m▄\e[38;2;42;31;54;49m▄\e[38;2;92;68;109;49m▄\e[49m                  \e[m
\e[49m                \e[38;2;42;31;54;49m▄\e[48;2;42;31;54m \e[38;2;80;60;95;48;2;42;31;54m▄\e[38;2;93;69;109;48;2;42;31;54m▄\e[48;2;93;69;109m              \e[38;2;93;69;109;48;2;42;31;54m▄\e[38;2;81;60;97;48;2;42;31;54m▄\e[48;2;42;31;54m \e[38;2;42;31;54;49m▄\e[49m                \e[m
\e[49m               \e[38;2;42;31;54;48;2;43;32;56m▄\e[38;2;45;33;57;48;2;42;31;54m▄\e[38;2;93;69;109;48;2;92;68;108m▄\e[48;2;93;69;109m                  \e[38;2;93;69;109;48;2;91;67;107m▄\e[48;2;42;31;54m \e[38;2;42;31;54;48;2;75;56;90m▄\e[49m               \e[m
\e[49m             \e[38;2;90;69;111;49m▄\e[48;2;42;31;54m \e[38;2;93;69;109;48;2;42;31;54m▄\e[48;2;93;69;109m                      \e[38;2;93;69;109;48;2;42;31;54m▄\e[48;2;42;31;54m \e[49m              \e[m
\e[49m             \e[48;2;42;31;54m \e[38;2;50;37;63;48;2;42;31;54m▄\e[48;2;93;69;109m                        \e[48;2;42;31;54m  \e[49m             \e[m
\e[49m            \e[38;2;94;67;108;49m▄\e[48;2;42;31;54m \e[48;2;93;69;109m     \e[38;2;255;255;255;48;2;93;69;109m▄▄▄▄\e[48;2;93;69;109m        \e[38;2;255;255;255;48;2;93;69;109m▄▄▄▄\e[48;2;93;69;109m     \e[48;2;42;31;54m \e[38;2;92;70;109;49m▄\e[49m            \e[m
\e[49m            \e[38;2;92;68;108;48;2;90;66;106m▄\e[48;2;42;31;54m \e[48;2;93;69;109m    \e[48;2;255;255;255m   \e[38;2;42;31;54;48;2;255;255;255m▄▄\e[48;2;255;255;255m \e[48;2;93;69;109m      \e[48;2;255;255;255m \e[38;2;42;31;54;48;2;255;255;255m▄▄\e[48;2;255;255;255m   \e[48;2;93;69;109m    \e[48;2;42;31;54m \e[48;2;92;69;108m \e[49m            \e[m
\e[49m            \e[49;38;2;93;67;108m▀\e[48;2;42;31;54m \e[48;2;93;69;109m    \e[48;2;255;255;255m  \e[38;2;255;255;255;48;2;93;69;109m▄\e[48;2;42;31;54m  \e[48;2;255;255;255m \e[48;2;93;69;109m      \e[48;2;255;255;255m \e[48;2;42;31;54m  \e[38;2;255;255;255;48;2;145;129;156m▄\e[48;2;255;255;255m  \e[48;2;93;69;109m    \e[48;2;42;31;54m \e[49;38;2;93;68;110m▀\e[49m            \e[m
\e[49m             \e[48;2;42;31;54m \e[38;2;42;31;54;48;2;50;37;62m▄\e[48;2;93;69;109m   \e[38;2;93;69;109;48;2;92;68;107m▄\e[38;2;93;68;109;48;2;255;255;255m▄\e[48;2;255;255;255m   \e[38;2;93;69;109;48;2;255;255;255m▄\e[48;2;93;69;109m      \e[38;2;93;69;109;48;2;255;255;255m▄\e[48;2;255;255;255m   \e[38;2;138;121;150;48;2;255;255;255m▄\e[38;2;93;69;109;48;2;98;75;114m▄\e[48;2;93;69;109m   \e[48;2;42;31;54m  \e[49m             \e[m
\e[49m              \e[48;2;42;31;54m \e[38;2;42;31;54;48;2;93;69;109m▄\e[48;2;93;69;109m                      \e[38;2;42;31;54;48;2;93;69;109m▄\e[48;2;42;31;54m \e[49m              \e[m
\e[49m  \e[38;2;51;38;64;49m▄\e[38;2;42;31;54;49m▄\e[38;2;42;31;54;48;2;66;48;80m▄\e[48;2;42;31;54m  \e[38;2;42;31;54;49m▄▄\e[49m      \e[38;2;44;32;56;48;2;42;31;54m▄\e[38;2;42;31;54;48;2;92;68;108m▄\e[38;2;42;31;54;48;2;93;69;109m▄▄▄▄▄\e[48;2;93;69;109m         \e[38;2;79;59;95;48;2;93;69;109m▄\e[38;2;42;31;54;48;2;93;69;109m▄▄▄▄▄\e[38;2;42;31;54;48;2;66;48;80m▄\e[38;2;44;33;56;48;2;42;31;54m▄\e[49m      \e[38;2;42;31;54;49m▄▄\e[38;2;42;31;54;48;2;43;31;55m▄\e[48;2;42;31;54m \e[38;2;42;31;54;48;2;90;67;106m▄\e[38;2;42;31;54;49m▄\e[38;2;47;34;59;49m▄\e[49m  \e[m
\e[49m \e[38;2;42;31;54;48;2;55;40;68m▄\e[48;2;42;31;54m \e[38;2;93;69;109;48;2;42;31;54m▄\e[48;2;93;69;109m \e[38;2;42;31;54;48;2;93;69;109m▄▄▄\e[48;2;42;31;54m  \e[49m    \e[38;2;42;31;54;49m▄\e[48;2;42;31;54m \e[38;2;93;69;109;48;2;42;31;54m▄▄▄▄▄▄▄▄▄▄▄▄▄▄▄▄▄▄▄▄▄▄\e[48;2;42;31;54m \e[38;2;42;31;54;49m▄\e[49m    \e[48;2;42;31;54m  \e[38;2;42;31;54;48;2;93;69;109m▄▄▄\e[48;2;93;69;109m \e[38;2;93;69;109;48;2;42;31;54m▄\e[48;2;42;31;54m \e[38;2;42;31;54;48;2;46;34;58m▄\e[49m \e[m
\e[38;2;42;31;54;48;2;46;34;59m▄\e[48;2;42;31;54m \e[48;2;93;69;109m  \e[38;2;42;31;54;48;2;44;33;57m▄\e[48;2;42;31;54m \e[49;38;2;93;68;109m▀\e[49m      \e[38;2;42;31;54;48;2;45;33;57m▄\e[48;2;42;31;54m \e[48;2;93;69;109m   \e[38;2;42;31;54;48;2;93;69;109m▄▄\e[48;2;93;69;109m             \e[38;2;76;57;91;48;2;93;69;109m▄\e[48;2;42;31;54m  \e[48;2;93;69;109m   \e[48;2;42;31;54m \e[38;2;42;31;54;48;2;43;32;55m▄\e[49m      \e[49;38;2;93;70;109m▀\e[48;2;42;31;54m  \e[48;2;93;69;109m  \e[48;2;42;31;54m  \e[m
\e[48;2;42;31;54m  \e[48;2;93;69;109m  \e[48;2;42;31;54m \e[38;2;42;31;54;48;2;67;49;81m▄\e[49m      \e[38;2;42;31;54;48;2;58;43;71m▄\e[48;2;42;31;54m \e[48;2;93;69;109m \e[38;2;51;38;64;48;2;93;69;109m▄\e[38;2;42;31;54;48;2;93;69;109m▄▄\e[48;2;42;31;54m  \e[38;2;42;31;54;48;2;93;69;109m▄▄▄\e[48;2;93;69;109m        \e[38;2;42;31;54;48;2;93;69;109m▄▄\e[48;2;93;69;109m \e[38;2;93;69;109;48;2;42;31;54m▄▄\e[38;2;44;33;57;48;2;93;69;109m▄\e[38;2;42;31;54;48;2;93;69;109m▄▄\e[48;2;93;69;109m \e[48;2;42;31;54m \e[38;2;42;31;54;48;2;66;48;80m▄\e[49m      \e[38;2;42;31;54;48;2;84;62;99m▄\e[48;2;42;31;54m \e[48;2;93;69;109m  \e[48;2;42;31;54m  \e[m
\e[49;38;2;51;38;64m▀\e[48;2;42;31;54m \e[48;2;93;69;109m   \e[38;2;43;31;55;48;2;42;31;54m▄\e[38;2;42;31;54;48;2;92;68;108m▄\e[38;2;42;31;54;49m▄▄▄▄\e[38;2;42;31;54;48;2;55;41;68m▄\e[48;2;42;31;54m \e[48;2;93;69;109m  \e[48;2;42;31;54m        \e[48;2;93;69;109m        \e[48;2;42;31;54m  \e[38;2;93;69;109;48;2;42;31;54m▄\e[48;2;93;69;109m  \e[38;2;93;69;109;48;2;42;31;54m▄\e[48;2;42;31;54m \e[38;2;93;69;109;48;2;42;31;54m▄\e[48;2;93;69;109m  \e[48;2;42;31;54m \e[38;2;42;31;54;48;2;92;68;108m▄\e[38;2;42;31;54;49m▄▄▄▄\e[38;2;42;31;54;48;2;92;69;109m▄\e[38;2;44;32;56;48;2;42;31;54m▄\e[48;2;93;69;109m  \e[38;2;92;68;108;48;2;93;69;109m▄\e[48;2;42;31;54m \e[49;38;2;42;31;54m▀\e[m
\e[49m \e[49;38;2;42;31;54m▀\e[48;2;42;31;54m \e[38;2;42;31;54;48;2;93;69;109m▄\e[48;2;93;69;109m   \e[38;2;93;69;109;48;2;42;31;54m▄▄▄▄\e[48;2;42;31;54m \e[38;2;93;69;109;48;2;42;31;54m▄\e[48;2;93;69;109m     \e[48;2;42;31;54m  \e[48;2;93;69;109m             \e[38;2;51;37;63;48;2;72;53;86m▄\e[48;2;42;31;54m  \e[48;2;93;69;109m     \e[38;2;93;69;109;48;2;42;31;54m▄\e[48;2;42;31;54m \e[38;2;93;69;109;48;2;42;31;54m▄▄▄▄\e[48;2;93;69;109m   \e[38;2;42;31;54;48;2;93;69;109m▄\e[48;2;42;31;54m \e[49;38;2;42;31;54m▀\e[49m \e[m
\e[49m   \e[49;38;2;42;31;54m▀\e[48;2;42;31;54m \e[38;2;42;31;54;48;2;93;69;109m▄▄▄\e[38;2;72;53;87;48;2;93;69;109m▄\e[48;2;93;69;109m \e[38;2;42;31;54;48;2;92;69;108m▄\e[48;2;42;31;54m \e[48;2;93;69;109m        \e[38;2;42;31;54;48;2;93;69;109m▄▄▄▄▄▄▄▄▄▄▄▄▄▄\e[48;2;93;69;109m        \e[48;2;42;31;54m \e[38;2;42;31;54;48;2;91;67;106m▄\e[38;2;90;67;106;48;2;93;69;109m▄\e[38;2;61;45;75;48;2;93;69;109m▄\e[38;2;42;31;54;48;2;93;69;109m▄▄\e[38;2;42;31;54;48;2;92;68;108m▄\e[48;2;42;31;54m \e[49;38;2;42;31;54m▀\e[49m   \e[m
\e[49m  \e[38;2;50;37;63;49m▄\e[49m   \e[49;38;2;59;43;72m▀\e[49;38;2;42;31;54m▀▀▀\e[48;2;42;31;54m  \e[48;2;93;69;109m      \e[38;2;42;31;54;48;2;93;69;109m▄\e[48;2;42;31;54m  \e[38;2;93;69;109;48;2;42;31;54m▄▄▄▄\e[48;2;42;31;54m \e[49;38;2;74;55;88m▀\e[49;38;2;58;43;71m▀\e[48;2;42;31;54m \e[38;2;93;69;109;48;2;42;31;54m▄▄▄▄\e[48;2;42;31;54m  \e[38;2;42;31;54;48;2;93;69;109m▄\e[48;2;93;69;109m      \e[48;2;42;31;54m  \e[49;38;2;42;31;54m▀▀▀\e[49;38;2;58;43;71m▀\e[49m   \e[38;2;68;50;82;49m▄\e[49m  \e[m
\e[49m \e[38;2;93;68;108;48;2;95;70;108m▄\e[48;2;42;31;54m \e[38;2;42;31;54;48;2;92;68;108m▄\e[49m      \e[48;2;42;31;54m  \e[48;2;93;69;109m     \e[38;2;42;31;54;48;2;62;46;76m▄\e[38;2;52;38;64;48;2;42;31;54m▄\e[49m \e[48;2;42;31;54m \e[48;2;93;69;109m   \e[38;2;42;31;54;48;2;93;69;109m▄\e[48;2;42;31;54m \e[49m  \e[48;2;42;31;54m \e[38;2;42;31;54;48;2;90;67;106m▄\e[48;2;93;69;109m   \e[48;2;42;31;54m \e[49m \e[38;2;62;45;75;48;2;42;31;54m▄\e[38;2;42;31;54;48;2;79;59;94m▄\e[48;2;93;69;109m     \e[48;2;42;31;54m  \e[49m      \e[38;2;42;31;54;48;2;93;69;109m▄\e[48;2;42;31;54m \e[38;2;93;69;109;48;2;92;69;109m▄\e[49m \e[m
\e[49m  \e[48;2;42;31;54m  \e[38;2;42;31;54;48;2;93;68;109m▄\e[38;2;42;31;54;49m▄\e[38;2;92;70;108;49m▄\e[49m \e[38;2;43;32;55;49m▄\e[38;2;42;31;54;49m▄\e[48;2;42;31;54m \e[38;2;84;62;99;48;2;42;31;54m▄\e[48;2;42;31;54m \e[38;2;42;31;54;48;2;93;69;109m▄▄\e[38;2;42;31;54;48;2;61;44;75m▄\e[48;2;42;31;54m \e[49;38;2;42;31;54m▀\e[49m \e[38;2;42;31;54;48;2;90;68;107m▄\e[48;2;42;31;54m \e[48;2;93;69;109m   \e[48;2;42;31;54m \e[38;2;48;36;61;48;2;42;31;54m▄\e[49m  \e[38;2;54;40;67;48;2;42;31;54m▄\e[48;2;42;31;54m \e[48;2;93;69;109m   \e[48;2;42;31;54m \e[38;2;42;31;54;48;2;91;66;108m▄\e[49m \e[49;38;2;42;31;54m▀\e[48;2;42;31;54m \e[38;2;42;31;54;48;2;75;56;90m▄\e[38;2;42;31;54;48;2;93;69;109m▄▄\e[48;2;42;31;54m \e[38;2;93;69;109;48;2;42;31;54m▄\e[48;2;42;31;54m \e[38;2;42;31;54;49m▄\e[38;2;43;32;56;49m▄\e[38;2;87;67;107;49m▄\e[38;2;93;68;109;49m▄\e[38;2;42;31;54;49m▄\e[38;2;42;31;54;48;2;91;68;107m▄\e[48;2;42;31;54m  \e[49m  \e[m
\e[49m  \e[49;38;2;42;31;54m▀\e[48;2;42;31;54m \e[38;2;42;31;54;48;2;93;69;109m▄\e[38;2;93;69;109;48;2;42;31;54m▄▄▄▄▄\e[48;2;93;69;109m   \e[38;2;48;35;61;48;2;93;69;109m▄\e[38;2;42;31;54;48;2;90;67;106m▄\e[48;2;42;31;54m \e[49;38;2;83;62;99m▀\e[49m \e[38;2;42;31;54;49m▄\e[48;2;42;31;54m \e[38;2;93;69;109;48;2;42;31;54m▄\e[48;2;93;69;109m  \e[38;2;42;31;54;48;2;93;69;109m▄\e[48;2;42;31;54m \e[49m    \e[48;2;42;31;54m \e[38;2;42;31;54;48;2;93;69;109m▄\e[48;2;93;69;109m  \e[38;2;93;69;109;48;2;47;35;60m▄\e[48;2;42;31;54m \e[38;2;42;31;54;49m▄\e[49m \e[49;38;2;92;68;109m▀\e[38;2;59;44;73;48;2;42;31;54m▄\e[38;2;42;31;54;48;2;89;66;104m▄\e[38;2;56;41;69;48;2;93;69;109m▄\e[48;2;93;69;109m   \e[38;2;93;69;109;48;2;42;31;54m▄▄▄▄▄\e[38;2;42;31;54;48;2;93;69;109m▄\e[48;2;42;31;54m \e[49;38;2;42;31;54m▀\e[49m  \e[m
\e[49m    \e[49;38;2;42;31;54m▀\e[48;2;42;31;54m \e[38;2;42;31;54;48;2;93;69;109m▄▄▄▄▄\e[38;2;42;31;54;48;2;92;68;108m▄\e[48;2;42;31;54m \e[49;38;2;42;31;54m▀\e[49;38;2;69;51;83m▀\e[49m \e[38;2;92;69;108;49m▄\e[38;2;42;31;54;48;2;91;71;111m▄\e[48;2;42;31;54m \e[38;2;93;69;109;48;2;51;38;63m▄\e[48;2;93;69;109m  \e[38;2;42;31;54;48;2;67;50;81m▄\e[48;2;42;31;54m \e[49m      \e[48;2;42;31;54m \e[38;2;42;31;54;48;2;91;67;106m▄\e[48;2;93;69;109m  \e[38;2;93;69;109;48;2;47;35;60m▄\e[48;2;42;31;54m \e[38;2;42;31;54;48;2;90;65;115m▄\e[38;2;91;67;106;49m▄\e[49m \e[49;38;2;87;64;103m▀\e[49;38;2;42;31;54m▀\e[48;2;42;31;54m \e[38;2;42;31;54;48;2;93;69;109m▄▄▄▄▄\e[38;2;42;31;54;48;2;92;68;108m▄\e[48;2;42;31;54m \e[49;38;2;42;31;54m▀\e[49m    \e[m
\e[49m       \e[49;38;2;93;68;108m▀\e[49;38;2;93;69;109m▀▀\e[49m   \e[38;2;42;31;54;49m▄▄\e[48;2;42;31;54m \e[38;2;93;69;109;48;2;42;31;54m▄▄\e[38;2;42;31;54;48;2;93;69;109m▄▄\e[38;2;42;31;54;48;2;43;32;55m▄\e[38;2;59;44;72;48;2;42;31;54m▄\e[49;38;2;42;31;54m▀\e[49m        \e[49;38;2;42;31;54m▀\e[38;2;43;32;55;48;2;42;31;54m▄\e[38;2;42;31;54;48;2;68;50;82m▄\e[38;2;42;31;54;48;2;93;69;109m▄▄\e[38;2;93;69;109;48;2;42;31;54m▄▄\e[48;2;42;31;54m \e[38;2;42;31;54;48;2;91;71;111m▄\e[38;2;42;31;54;49m▄\e[49m   \e[49;38;2;91;68;108m▀\e[49;38;2;91;67;106m▀\e[49;38;2;95;74;106m▀\e[49m       \e[m
\e[49m             \e[49;38;2;93;68;109m▀\e[49;38;2;42;31;54m▀▀▀▀▀\e[49;38;2;45;33;57m▀\e[49m              \e[49;38;2;42;31;54m▀▀▀▀▀▀\e[49;38;2;91;67;108m▀
